0%£ºAA AA 22 20 89 00 00 01 00 BF 55 55
1%£ºAA AA 22 20 89 00 00 01 01 B8 55 55
2%£ºAA AA 22 20 89 00 00 01 02 B1 55 55
3%£ºAA AA 22 20 89 00 00 01 03 B6 55 55
4%£ºAA AA 22 20 89 00 00 01 04 A3 55 55
5%£ºAA AA 22 20 89 00 00 01 05 A4 55 55
6%£ºAA AA 22 20 89 00 00 01 06 AD 55 55
7%£ºAA AA 22 20 89 00 00 01 07 AA 55 55
8%£ºAA AA 22 20 89 00 00 01 08 87 55 55
9%£ºAA AA 22 20 89 00 00 01 09 80 55 55
10%£ºAA AA 22 20 89 00 00 01 0A 89 55 55
11%£ºAA AA 22 20 89 00 00 01 0B 8E 55 55
12%£ºAA AA 22 20 89 00 00 01 0C 9B 55 55
13%£ºAA AA 22 20 89 00 00 01 0D 9C 55 55
14%£ºAA AA 22 20 89 00 00 01 0E 95 55 55
15%£ºAA AA 22 20 89 00 00 01 0F 92 55 55
16%£ºAA AA 22 20 89 00 00 01 10 CF 55 55
17%£ºAA AA 22 20 89 00 00 01 11 C8 55 55
18%£ºAA AA 22 20 89 00 00 01 12 C1 55 55
19%£ºAA AA 22 20 89 00 00 01 13 C6 55 55
20%£ºAA AA 22 20 89 00 00 01 14 D3 55 55
21%£ºAA AA 22 20 89 00 00 01 15 D4 55 55
22%£ºAA AA 22 20 89 00 00 01 16 DD 55 55
23%£ºAA AA 22 20 89 00 00 01 17 DA 55 55
24%£ºAA AA 22 20 89 00 00 01 18 F7 55 55
25%£ºAA AA 22 20 89 00 00 01 19 F0 55 55
26%£ºAA AA 22 20 89 00 00 01 1A F9 55 55
27%£ºAA AA 22 20 89 00 00 01 1B FE 55 55
28%£ºAA AA 22 20 89 00 00 01 1C EB 55 55
29%£ºAA AA 22 20 89 00 00 01 1D EC 55 55
30%£ºAA AA 22 20 89 00 00 01 1E E5 55 55
31%£ºAA AA 22 20 89 00 00 01 1F E2 55 55
32%£ºAA AA 22 20 89 00 00 01 20 5F 55 55
33%£ºAA AA 22 20 89 00 00 01 21 58 55 55
34%£ºAA AA 22 20 89 00 00 01 22 51 55 55
35%£ºAA AA 22 20 89 00 00 01 23 56 55 55
36%£ºAA AA 22 20 89 00 00 01 24 43 55 55
37%£ºAA AA 22 20 89 00 00 01 25 44 55 55
38%£ºAA AA 22 20 89 00 00 01 26 4D 55 55
39%£ºAA AA 22 20 89 00 00 01 27 4A 55 55
40%£ºAA AA 22 20 89 00 00 01 28 67 55 55
41%£ºAA AA 22 20 89 00 00 01 29 60 55 55
42%£ºAA AA 22 20 89 00 00 01 2A 69 55 55
43%£ºAA AA 22 20 89 00 00 01 2B 6E 55 55
44%£ºAA AA 22 20 89 00 00 01 2C 7B 55 55
45%£ºAA AA 22 20 89 00 00 01 2D 7C 55 55
46%£ºAA AA 22 20 89 00 00 01 2E 75 55 55
47%£ºAA AA 22 20 89 00 00 01 2F 72 55 55
48%£ºAA AA 22 20 89 00 00 01 30 2F 55 55
49%£ºAA AA 22 20 89 00 00 01 31 28 55 55
50%£ºAA AA 22 20 89 00 00 01 32 21 55 55
51%£ºAA AA 22 20 89 00 00 01 33 26 55 55
52%£ºAA AA 22 20 89 00 00 01 34 33 55 55
53%£ºAA AA 22 20 89 00 00 01 35 34 55 55
54%£ºAA AA 22 20 89 00 00 01 36 3D 55 55
55%£ºAA AA 22 20 89 00 00 01 37 3A 55 55
56%£ºAA AA 22 20 89 00 00 01 38 17 55 55
57%£ºAA AA 22 20 89 00 00 01 39 10 55 55
58%£ºAA AA 22 20 89 00 00 01 3A 19 55 55
59%£ºAA AA 22 20 89 00 00 01 3B 1E 55 55
60%£ºAA AA 22 20 89 00 00 01 3C 0B 55 55
61%£ºAA AA 22 20 89 00 00 01 3D 0C 55 55
62%£ºAA AA 22 20 89 00 00 01 3E 05 55 55
63%£ºAA AA 22 20 89 00 00 01 3F 02 55 55
64%£ºAA AA 22 20 89 00 00 01 40 78 55 55
65%£ºAA AA 22 20 89 00 00 01 41 7F 55 55
66%£ºAA AA 22 20 89 00 00 01 42 76 55 55
67%£ºAA AA 22 20 89 00 00 01 43 71 55 55
68%£ºAA AA 22 20 89 00 00 01 44 64 55 55
69%£ºAA AA 22 20 89 00 00 01 45 63 55 55
70%£ºAA AA 22 20 89 00 00 01 46 6A 55 55
71%£ºAA AA 22 20 89 00 00 01 47 6D 55 55
72%£ºAA AA 22 20 89 00 00 01 48 40 55 55
73%£ºAA AA 22 20 89 00 00 01 49 47 55 55
74%£ºAA AA 22 20 89 00 00 01 4A 4E 55 55
75%£ºAA AA 22 20 89 00 00 01 4B 49 55 55
76%£ºAA AA 22 20 89 00 00 01 4C 5C 55 55
77%£ºAA AA 22 20 89 00 00 01 4D 5B 55 55
78%£ºAA AA 22 20 89 00 00 01 4E 52 55 55
79%£ºAA AA 22 20 89 00 00 01 4F 55 55 55
80%£ºAA AA 22 20 89 00 00 01 50 08 55 55
81%£ºAA AA 22 20 89 00 00 01 51 0F 55 55
82%£ºAA AA 22 20 89 00 00 01 52 06 55 55
83%£ºAA AA 22 20 89 00 00 01 53 01 55 55
84%£ºAA AA 22 20 89 00 00 01 54 14 55 55
85%£ºAA AA 22 20 89 00 00 01 55 13 55 55
86%£ºAA AA 22 20 89 00 00 01 56 1A 55 55
87%£ºAA AA 22 20 89 00 00 01 57 1D 55 55
88%£ºAA AA 22 20 89 00 00 01 58 30 55 55
89%£ºAA AA 22 20 89 00 00 01 59 37 55 55
90%£ºAA AA 22 20 89 00 00 01 5A 3E 55 55
91%£ºAA AA 22 20 89 00 00 01 5B 39 55 55
92%£ºAA AA 22 20 89 00 00 01 5C 2C 55 55
93%£ºAA AA 22 20 89 00 00 01 5D 2B 55 55
94%£ºAA AA 22 20 89 00 00 01 5E 22 55 55
95%£ºAA AA 22 20 89 00 00 01 5F 25 55 55
96%£ºAA AA 22 20 89 00 00 01 60 98 55 55
97%£ºAA AA 22 20 89 00 00 01 61 9F 55 55
98%£ºAA AA 22 20 89 00 00 01 62 96 55 55
99%£ºAA AA 22 20 89 00 00 01 63 91 55 55
100%£ºAA AA 22 20 89 00 00 01 64 84 55 55
